004378
004507
004413
004525
004398
004493
008718
002153
007416
004430
005994
002078
003467
004387
007161
002083
004410
004512
002137
007415
004347
004517
004546
007396
009030
001598
004401
004421
004529
002077
004411
005304
008585
004516
008724
004369
004545
009031
003487
004399
004494
007382
002086
003291
003339
004394
004491
004521
004538
007472
007480
008716
004414
004500
004549
006305
006790
007168
008710
008719
008722
000868
002143
004373
004376
004391
004395
004415
004514
007141
007501
007864
008586
008699
008715
001676
002133
004354
004396
004405
004472
004478
004550
007917
008307
009295
001671
002068
004531
006793
007248
007412
008698
001667
001669
001870
001873
002144
003742
004416
004425
007484
008671
008700
009322
001606
001656
004352
004371
004380
004385
004407
004537
007129
007390
007391
008293
008713
002408
003223
004403
004422
004424
004524
006583
007355
007378
007465
007467
007787
008712
008725
001659
001848
003129
003690
004203
004383
004409
004485
004497
007385
007463
007468
007470
007766
008708
008723
008727
000513
001502
002712
004206
004426
004482
004483
004492
004504
004513
006588
007401
007771
007778
007933
008135
008721
008789
009028
009209
001814
002732
004357
004386
004419
004488
004539
007471
007792
007831
008239
008694
008695
008703
008911
000876
002092
002094
002132
002141
003255
003476
003481
004474
004505
004509
004515
004528
004544
004548
006007
006049
007081
007167
007392
007414
007862
007938
008557
008701
008702
008707
009029
009301
000597
001520
001521
001647
001668
001672
002084
002726
003156
003688
004374
004432
004473
004475
004551
006347
007179
007379
007383
007389
007395
007464
007941
008646
008697
009218
000072
001738
002074
002095
002125
002126
002129
002148
002202
002525
003473
004215
004346
004353
004420
004502
004508
005479
006732
007473
008571
008693
009128
000323
000624
000645
001249
001652
001675
001875
002122
003239
003455
003674
003676
003702
004047
004111
004370
004375
004412
004476
004510
005465
005974
006683
007018
007035
007043
007393
007406
007466
007838
007846
008309
009107
009108
000900
001013
001492
001653
001657
001663
001666
001851
001865
001942
002115
002740
003312
003368
003429
003693
004313
004330
004400
004487
004522
005473
005478
005989
006075
006314
007024
007215
007229
007397
007405
007519
007780
007784
007827
007837
007908
008623
008704
008709
008720
008726
008908
009040
009056
009068
009096
009125
000209
000598
000873
001020
001035
001500
001519
001646
001670
001674
001695
001706
001754
001804
001859
001862
001867
002082
002118
002145
002149
002151
002187
002404
002527
002724
002952
003137
003259
003694
003740
003907
004208
004269
004274
004397
004404
004480
004498
004501
004518
004527
004533
004541
006087
006252
006310
006475
006768
007236
007571
007612
007637
007640
007687
007781
007788
007861
007911
007940
008298
008308
008714
008717
009088
009132
009219
009289
000016
000589
000603
000632
000652
000657
000884
001219
001511
001625
001630
001648
001649
001651
001658
001673
002075
002112
002116
002117
002128
002142
002191
002228
002451
002492
002925
003019
003114
003536
003691
004081
004162
004382
004417
004441
004444
004455
004477
004489
004499
004519
004536
004547
005271
005979
006078
006303
006309
006412
006837
006970
007220
007291
007386
007400
007418
007459
007496
007508
007852
008305
008582
008662
008706
009027
009293
009300
