0004
0005
0006
0007
0010
0012
0013
0014
0015
0016
0019
0035
0036
0051
0059
0061
0067
0072
0081
0087
0092
0095
0107
0108
0125
0131
0133
0161
0167
0168
0170
0177
0178
0179
0181
0182
0185
0191
0194
0197
0198
0199
0201
0202
0207
0208
0209
0210
0215
0216
0237
0245
0249
0253
0263
0264
0272
0273
0275
0276
0281
0291
0293
0306
0308
0310
0316
0323
0337
0338
0340
0343
0360
0373
0410
0417
0419
0432
0438
0440
0441
0453
0454
0455
0482
0483
0495
0499
0504
0505
0508
0509
0513
0514
0517
0518
0519
0520
0522
0523
0526
0527
0528
0529
0535
0536
0540
0542
0544
0545
0547
0568
0570
0572
0574
0575
0576
0580
0583
0585
0588
0589
0590
0591
0594
0595
0596
0597
0598
0599
0603
0606
0607
0608
0617
0618
0622
0624
0625
0626
0627
0628
0632
0633
0634
0636
0638
0640
0641
0642
0644
0645
0648
0649
0650
0651
0652
0653
0654
0655
0657
0662
0664
0666
0667
0668
0669
0672
0681
0690
0701
0709
0725
0737
0747
0753
0754
0767
0783
0784
0799
0803
0824
0833
0835
0839
0842
0846
0851
0867
0868
0873
0875
0876
0880
0881
0883
0884
0885
0886
0888
0890
0894
0895
0899
0900
0904
0922
0930
0933
0934
0935
0938
0940
0946
0954
0958
0971
0973
0978
0979
0986
0991
0993
1001
1008
1012
1013
1020
1021
1022
1035
1048
1051
1052
1053
1055
1059
1063
1064
1065
1066
1067
1068
1069
1071
1072
1074
1076
1078
1086
1089
1148
1157
1159
1160
1161
1162
1163
1164
1165
1166
1167
1168
1170
1171
1173
1175
1177
1181
1183
1184
1186
1190
1198
1199
1200
1202
1205
1209
1210
1211
1212
1219
1222
1230
1231
1233
1238
1242
1243
1245
1249
1252
1256
1257
1259
1267
1269
1272
1278
1279
1280
1294
1295
1297
1298
1301
1304
1310
1311
1312
1313
1317
1322
1323
1326
1331
1339
1344
1345
1346
1358
1365
1366
1367
1370
1371
1372
1378
1380
1384
1385
1386
1387
1388
1391
1392
1393
1396
1397
1399
1400
1401
1403
1404
1405
1408
1415
1417
1423
1448
1452
1472
1492
1494
1500
1501
1502
1503
1504
1507
1510
1511
1513
1518
1519
1520
1521
1524
1525
1526
1527
1528
1531
1533
1546
1547
1562
1563
1566
1568
1571
1572
1574
1576
1577
1580
1581
1584
1586
1597
1598
1600
1602
1605
1606
1607
1608
1609
1613
1617
1618
1625
1626
1628
1629
1630
1631
1632
1633
1636
1638
1640
1641
1643
1646
1647
1648
1649
1650
1651
1652
1653
1654
1655
1656
1657
1658
1659
1661
1662
1663
1664
1665
1666
1667
1668
1669
1670
1671
1672
1673
1674
1675
1676
1679
1685
1692
1693
1695
1696
1697
1698
1703
1704
1706
1708
1711
1712
1713
1714
1719
1720
1721
1723
1724
1725
1727
1728
1730
1731
1732
1734
1738
1739
1740
1742
1743
1745
1746
1749
1750
1751
1752
1754
1757
1758
1759
1760
1769
1770
1771
1772
1774
1775
1778
1779
1783
1784
1786
1789
1790
1794
1796
1797
1799
1803
1804
1805
1807
1810
1811
1812
1814
1821
1833
1835
1836
1837
1838
1839
1848
1849
1850
1851
1852
1855
1856
1857
1858
1859
1860
1861
1862
1863
1864
1865
1867
1868
1870
1871
1872
1873
1875
1886
1888
1891
1892
1895
1904
1905
1917
1923
1927
1934
1935
1936
1937
1941
1942
1944
1947
1977
1978
1990
2001
2002
2006
2011
2013
2014
2015
2017
2018
2020
2021
2022
2023
2025
2026
2029
2030
2031
2032
2033
2034
2035
2036
2038
2040
2042
2043
2044
2045
2046
2048
2049
2050
2051
2052
2053
2054
2055
2056
2057
2058
2059
2060
2061
2062
2063
2064
2065
2066
2067
2068
2069
2070
2071
2072
2073
2074
2075
2076
2077
2078
2079
2080
2081
2082
2083
2084
2085
2086
2092
2093
2094
2095
2097
2101
2103
2109
2110
2111
2112
2113
2114
2115
2116
2117
2118
2119
2121
2122
2123
2124
2125
2126
2127
2128
2129
2130
2131
2132
2133
2134
2135
2136
2137
2138
2139
2141
2142
2143
2144
2145
2146
2147
2148
2149
2150
2151
2153
2154
2157
2163
2165
2166
2167
2168
2173
2177
2178
2179
2180
2181
2183
2184
2185
2186
2187
2189
2190
2191
2193
2194
2196
2197
2198
2200
2201
2202
2203
2205
2208
2215
2222
2225
2226
2228
2231
2233
2235
2236
2238
2239
2240
2246
2248
2249
2250
2253
2254
2255
2256
2257
2258
2259
2260
2261
2264
2265
2266
2269
2272
2273
2276
2278
2279
2280
2281
2282
2283
2284
2286
2287
2289
2290
2297
2298
2299
2300
2303
2305
2306
2307
2311
2313
2314
2315
2316
2318
2319
2321
2324
2325
2326
2327
2328
2329
2330
2335
2340
2341
2344
2345
2346
2348
2349
2350
2352
2353
2355
2356
2359
2363
2366
2370
2372
2388
2390
2391
2392
2393
2394
2396
2397
2398
2399
2404
2405
2406
2408
2414
2421
2424
2425
2426
2431
2436
2445
2451
2452
2454
2457
2462
2463
2464
2465
2468
2469
2471
2473
2475
2476
2477
2478
2479
2480
2481
2482
2483
2484
2485
2489
2490
2491
2492
2493
2494
2495
2496
2497
2498
2499
2500
2501
2502
2503
2504
2506
2510
2511
2512
2515
2517
2518
2519
2520
2521
2522
2523
2524
2525
2527
2528
2529
2530
2531
2532
2533
2535
2536
2537
2540
2542
2543
2545
2546
2549
2550
2552
2553
2554
2555
2557
2558
2559
2561
2565
2567
2568
2570
2571
2572
2573
2577
2579
2580
2582
2583
2584
2585
2586
2587
2589
2591
2592
2593
2594
2595
2596
2598
2602
2603
2604
2605
2606
2608
2610
2612
2615
2617
2618
2619
2620
2624
2626
2627
2629
2630
2632
2637
2638
2641
2642
2643
2645
2653
2657
2658
2659
2660
2663
2664
2666
2667
2668
2671
2672
2674
2675
2676
2677
2678
2681
2683
2685
2688
2689
2699
2700
2704
2708
2710
2712
2713
2715
2723
2724
2725
2726
2727
2728
2729
2732
2733
2734
2740
2742
2749
2753
2764
2768
2780
2782
2785
2786
2787
2805
2806
2809
2813
2818
2824
2830
2831
2841
2845
2860
2862
2863
2864
2867
2869
2870
2871
2873
2878
2882
2883
2884
2885
2886
2887
2890
2892
2894
2895
2896
2902
2904
2909
2914
2915
2916
2920
2921
2924
2925
2941
2952
2958
2960
2972
2974
3004
3019
3035
3040
3043
3044
3045
3052
3053
3063
3076
3080
3081
3096
3099
3100
3103
3111
3112
3114
3126
3129
3130
3131
3132
3133
3134
3135
3136
3137
3139
3140
3143
3145
3148
3150
3153
3155
3156
3158
3159
3168
3172
3176
3177
3179
3203
3211
3218
3223
3225
3231
3236
3238
3239
3240
3243
3252
3255
3257
3259
3260
3265
3274
3275
3283
3284
3285
3287
3291
3303
3305
3306
3310
3312
3317
3318
3321
3323
3324
3326
3333
3336
3339
3342
3344
3345
3346
3362
3368
3369
3370
3371
3377
3389
3394
3395
3400
3404
3416
3417
3423
3426
3428
3429
3430
3431
3436
3437
3443
3449
3451
3452
3455
3467
3473
3476
3481
3487
3489
3490
3491
3492
3493
3494
3495
3496
3497
3499
3500
3501
3502
3504
3508
3510
3511
3513
3515
3523
3524
3525
3536
3543
3545
3555
3561
3571
3572
3574
3583
3586
3596
3597
3598
3619
3623
3627
3638
3662
3663
3668
3669
3670
3671
3672
3673
3674
3675
3676
3677
3678
3683
3688
3689
3690
3691
3692
3693
3694
3701
3702
3713
3733
3738
3739
3740
3741
3742
3744
3746
3752
3753
3761
3769
3777
3781
3788
3794
3796
3798
3799
3807
3808
3811
3825
3837
3839
3850
3856
3859
3860
3862
3863
3871
3872
3874
3875
3876
3879
3880
3881
3883
3884
3886
3887
3888
3889
3890
3895
3896
3900
3901
3902
3906
3907
3908
3909
3910
3914
3915
3917
3918
3919
3920
3921
3922
3923
3924
3927
3928
3929
3930
3931
3932
3933
3934
3935
3936
3937
3938
3939
3940
3941
3942
3943
3944
3946
3947
3948
3949
3950
3951
3952
3953
3954
3955
3956
3957
3958
3959
3960
3961
3962
3963
3964
3965
3966
3967
3968
3969
3970
3971
3972
3973
3974
3975
3976
3977
3978
3979
3980
3981
3982
3983
3984
3985
3986
3987
3988
3989
3990
3991
3992
3993
3994
3995
3996
3997
3998
3999
4000
4001
4002
4003
4004
4005
4006
4007
4008
4009
4010
4011
4012
4013
4014
4015
4016
4017
4018
4019
4020
4021
4022
4023
4024
4025
4026
4027
4028
4029
4030
4031
4032
4033
4034
4035
4036
4037
4038
4039
4040
4041
4042
4043
4044
4045
4046
4047
4048
4049
4051
4052
4053
4054
4055
4058
4059
4060
4061
4062
4063
4064
4065
4066
4067
4068
4069
4070
4071
4073
4074
4077
4079
4080
4081
4082
4083
4084
4085
4086
4087
4088
4089
4090
4091
4092
4093
4094
4095
4096
4097
4098
4099
4100
4102
4103
4104
4105
4106
4108
4109
4110
4111
4112
4113
4114
4115
4116
4117
4118
4119
4120
4121
4122
4123
4124
4125
4126
4127
4128
4129
4130
4131
4132
4133
4134
4135
4136
4137
4138
4139
4140
4141
4142
4143
4144
4145
4146
4147
4148
4149
4150
4151
4152
4153
4154
4155
4156
4157
4158
4159
4160
4161
4162
4163
4164
4165
4166
4167
4168
4169
4170
4171
4172
4173
4174
4175
4176
4177
4178
4179
4180
4181
4182
4184
4185
4187
4188
4189
4190
4194
4199
4201
4202
4203
4205
4206
4207
4208
4209
4210
4215
4217
4238
4240
4243
4263
4268
4269
4272
4273
4274
4282
4286
4294
4297
4313
4318
4330
4341
4346
4347
4348
4352
4353
4354
4357
4361
4364
4365
4369
4370
4371
4372
4373
4374
4375
4376
4377
4378
4379
4380
4381
4382
4383
4384
4385
4386
4387
4388
4389
4390
4391
4392
4393
4394
4395
4396
4397
4398
4399
4400
4401
4402
4403
4404
4405
4406
4407
4408
4409
4410
4411
4412
4413
4414
4415
4416
4417
4418
4419
4420
4421
4422
4423
4424
4425
4426
4427
4428
4429
4430
4431
4432
4433
4434
4435
4436
4437
4438
4439
4440
4441
4442
4443
4444
4445
4446
4447
4448
4449
4450
4451
4452
4453
4454
4455
4456
4457
4458
4459
4460
4461
4462
4463
4464
4466
4468
4469
4470
4471
4472
4473
4474
4475
4476
4477
4478
4479
4480
4481
4482
4483
4484
4485
4486
4487
4488
4489
4491
4492
4493
4494
4496
4497
4498
4499
4500
4501
4502
4503
4504
4505
4507
4508
4509
4510
4511
4512
4513
4514
4515
4516
4517
4518
4519
4520
4521
4522
4523
4524
4525
4526
4527
4528
4529
4530
4531
4533
4534
4535
4536
4537
4538
4539
4540
4541
4543
4544
4545
4546
4547
4548
4549
4550
4551
4552
4553
4554
4556
4557
4558
4559
4560
4561
4563
4565
4566
4567
4568
4569
4571
4572
4573
4574
4575
4576
4577
4578
4579
4580
4581
4582
4584
4585
4586
4587
4588
4589
4590
4591
4592
4593
4594
4595
4596
4597
4598
4599
4600
4601
4602
4603
4604
4605
4606
4607
4608
4609
4611
4612
4614
4615
4616
4617
4618
4619
4620
4621
4622
4623
4624
4625
4626
4627
4628
4629
4630
4631
4632
4633
4634
4635
4636
4637
4639
4644
4645
4646
4647
4651
4671
4675
4687
4692
4695
4696
4697
4698
4699
4700
4701
4702
4712
4716
4718
4720
4724
4726
4730
4731
4733
4735
4741
4745
4746
4747
4748
4753
4758
4759
4762
4768
4779
4787
4788
4790
4791
4792
4793
4794
4795
4796
4797
4798
4799
4800
4801
4802
4804
4805
4807
4808
4809
4810
4811
4813
4814
4815
4816
4817
4826
4827
4831
4832
4846
4848
4863
4868
4875
4876
4878
4881
4887
4889
4890
4891
4892
4894
4895
4896
4897
4899
4900
4901
4902
4903
4905
4907
4908
4909
4910
4911
4912
4914
4915
4916
4917
4918
4919
4920
4921
4922
4932
4933
4937
4938
4939
4948
4952
4953
4954
4958
4959
4960
4964
4968
4996
5044
5085
5086
5087
5090
5091
5092
5093
5094
5095
5097
5103
5115
5121
5136
5137
5139
5145
5150
5152
5153
5162
5166
5171
5172
5175
5177
5185
5193
5201
5202
5203
5204
5206
5207
5210
5211
5212
5214
5215
5219
5220
5222
5223
5224
5232
5233
5245
5255
5260
5261
5264
5271
5272
5276
5288
5290
5291
5293
5294
5304
5305
5309
5310
5314
5316
5318
5319
5325
5355
5358
5360
5364
5370
5382
5383
5412
5430
5449
5450
5455
5457
5458
5459
5460
5461
5463
5465
5467
5468
5469
5470
5472
5473
5474
5476
5478
5479
5480
5485
5486
5487
5489
5492
5493
5495
5498
5500
5502
5504
5511
5516
5533
5534
5540
5548
5549
5551
5566
5572
5573
5574
5575
5579
5582
5585
5586
5621
5626
5629
5630
5643
5656
5658
5680
5685
5718
5728
5755
5756
5762
5765
5767
5769
5771
5772
5798
5805
5821
5826
5829
5830
5840
5842
5849
5857
5871
5888
5895
5898
5905
5917
5921
5923
5924
5925
5927
5930
5931
5933
5934
5935
5937
5940
5944
5946
5948
5949
5950
5951
5954
5955
5957
5958
5960
5962
5963
5964
5967
5968
5969
5970
5971
5972
5973
5974
5975
5976
5977
5978
5979
5980
5982
5983
5984
5986
5987
5988
5989
5990
5991
5992
5994
5995
5996
5997
5998
5999
6000
6001
6002
6003
6004
6005
6006
6007
6008
6009
6010
6011
6012
6013
6015
6017
6018
6020
6021
6022
6023
6024
6025
6027
6028
6029
6032
6034
6035
6036
6039
6040
6041
6042
6043
6044
6047
6048
6049
6051
6053
6055
6059
6061
6062
6063
6064
6067
6068
6070
6073
6074
6075
6076
6077
6078
6079
6080
6082
6083
6085
6087
6088
6089
6090
6091
6092
6094
6098
6099
6100
6101
6102
6104
6106
6107
6109
6110
6115
6119
6121
6125
6130
6131
6132
6136
6137
6138
6139
6140
6141
6143
6144
6145
6148
6149
6151
6152
6153
6154
6159
6160
6162
6165
6166
6167
6171
6172
6173
6174
6175
6176
6177
6178
6179
6180
6181
6182
6183
6184
6185
6186
6187
6188
6189
6197
6215
6219
6238
6240
6252
6253
6255
6257
6258
6259
6260
6263
6264
6265
6266
6267
6268
6269
6270
6271
6272
6274
6275
6276
6277
6278
6279
6280
6282
6283
6284
6285
6286
6287
6288
6289
6290
6291
6292
6293
6294
6295
6297
6298
6299
6300
6301
6302
6303
6304
6305
6306
6307
6308
6309
6310
6313
6314
6315
6317
6319
6320
6321
6323
6324
6325
6326
6327
6328
6331
6332
6336
6339
6340
6344
6347
6350
6351
6353
6354
6355
6356
6358
6359
6360
6363
6364
6370
6372
6373
6375
6377
6378
6379
6380
6381
6382
6383
6384
6385
6386
6387
6388
6390
6391
6392
6393
6394
6396
6401
6402
6403
6406
6407
6409
6410
6411
6412
6413
6414
6415
6416
6417
6418
6419
6420
6421
6423
6424
6425
6426
6427
6428
6441
6442
6449
6460
6462
6473
6474
6475
6483
6485
6486
6487
6490
6495
6498
6500
6502
6503
6505
6506
6507
6508
6509
6511
6513
6515
6516
6517
6518
6519
6520
6522
6523
6524
6525
6526
6529
6530
6532
6535
6536
6538
6539
6542
6544
6545
6546
6547
6548
6550
6551
6552
6553
6555
6557
6559
6561
6562
6563
6565
6566
6567
6568
6569
6570
6571
6573
6575
6578
6580
6582
6583
6584
6588
6589
6590
6591
6594
6597
6598
6601
6602
6608
6609
6610
6611
6613
6615
6616
6618
6619
6620
6622
6624
6626
6628
6629
6630
6631
6632
6641
6642
6643
6645
6647
6649
6652
6654
6656
6658
6660
6661
6663
6664
6665
6666
6668
6670
6671
6676
6677
6681
6683
6684
6687
6688
6690
6691
6692
6693
6694
6696
6697
6698
6699
6700
6701
6703
6704
6705
6706
6707
6708
6709
6711
6714
6717
6718
6719
6720
6721
6722
6724
6726
6727
6728
6729
6730
6731
6732
6734
6736
6741
6765
6766
6768
6773
6777
6778
6784
6785
6786
6787
6790
6791
6792
6793
6794
6795
6798
6806
6807
6809
6810
6811
6812
6822
6824
6825
6837
6841
6843
6846
6849
6850
6851
6854
6871
6872
6887
6902
6905
6906
6917
6925
6927
6929
6935
6937
6938
6939
6940
6941
6942
6944
6946
6951
6961
6962
6968
6970
6974
6976
6978
6979
6980
7005
7006
7013
7014
7017
7018
7019
7020
7021
7022
7024
7025
7026
7030
7032
7033
7034
7035
7037
7040
7041
7042
7043
7044
7047
7049
7050
7051
7052
7053
7054
7055
7056
7058
7059
7060
7063
7065
7066
7067
7068
7069
7070
7071
7072
7074
7075
7076
7077
7081
7082
7083
7084
7085
7091
7094
7098
7100
7101
7103
7107
7108
7109
7110
7112
7113
7114
7115
7121
7127
7129
7130
7131
7132
7133
7136
7137
7138
7141
7142
7146
7147
7149
7151
7152
7153
7154
7155
7156
7160
7161
7162
7163
7164
7165
7166
7167
7168
7170
7171
7172
7174
7175
7176
7177
7178
7179
7181
7188
7190
7191
7194
7197
7198
7213
7214
7215
7216
7217
7218
7219
7220
7221
7222
7223
7224
7225
7226
7227
7229
7230
7231
7232
7236
7244
7246
7248
7249
7250
7251
7261
7263
7264
7265
7266
7267
7268
7271
7274
7275
7276
7277
7278
7279
7280
7281
7282
7283
7284
7285
7286
7287
7288
7289
7290
7291
7292
7293
7294
7295
7296
7297
7298
7299
7300
7301
7302
7303
7304
7305
7306
7307
7308
7310
7311
7312
7314
7315
7316
7317
7318
7319
7320
7321
7327
7334
7336
7337
7338
7343
7346
7352
7353
7354
7355
7356
7358
7366
7368
7369
7372
7373
7375
7376
7377
7378
7379
7380
7381
7382
7383
7384
7385
7386
7387
7388
7389
7390
7391
7392
7393
7394
7395
7396
7397
7398
7399
7400
7401
7402
7403
7404
7405
7406
7407
7408
7409
7410
7411
7412
7414
7415
7416
7417
7418
7423
7425
7429
7430
7431
7432
7433
7434
7435
7436
7437
7438
7439
7440
7441
7442
7443
7444
7446
7447
7448
7449
7450
7451
7452
7453
7454
7455
7456
7457
7458
7459
7460
7461
7462
7463
7464
7465
7466
7467
7468
7469
7470
7471
7472
7473
7474
7477
7478
7479
7480
7481
7483
7484
7485
7487
7488
7489
7490
7491
7492
7493
7494
7495
7496
7497
7498
7499
7500
7501
7502
7503
7504
7505
7506
7507
7508
7509
7510
7511
7512
7513
7514
7515
7516
7517
7518
7519
7520
7521
7522
7523
7524
7525
7526
7527
7528
7530
7531
7535
7536
7537
7540
7547
7548
7549
7550
7551
7553
7554
7555
7556
7561
7563
7564
7569
7571
7574
7576
7577
7578
7579
7580
7582
7594
7596
7601
7602
7604
7606
7611
7612
7613
7616
7619
7620
7624
7625
7627
7631
7633
7636
7637
7640
7649
7652
7655
7663
7664
7667
7670
7674
7683
7684
7685
7686
7687
7688
7689
7692
7693
7694
7695
7696
7700
7701
7703
7704
7705
7708
7710
7711
7712
7713
7714
7715
7716
7717
7718
7719
7721
7722
7725
7726
7727
7729
7730
7731
7732
7733
7734
7736
7737
7738
7739
7740
7741
7743
7744
7745
7746
7747
7748
7749
7750
7753
7754
7755
7756
7757
7758
7760
7766
7771
7775
7776
7778
7779
7780
7781
7783
7784
7785
7786
7787
7788
7792
7797
7798
7799
7803
7806
7808
7809
7810
7812
7814
7815
7821
7822
7823
7825
7826
7827
7829
7830
7831
7834
7835
7836
7837
7838
7845
7846
7849
7850
7851
7852
7853
7854
7856
7857
7859
7860
7861
7862
7863
7864
7865
7866
7867
7868
7869
7870
7871
7872
7873
7874
7875
7877
7880
7881
7885
7889
7892
7894
7896
7897
7908
7910
7911
7917
7920
7932
7933
7934
7937
7938
7940
7941
7942
7943
7944
7946
7948
7949
7951
7952
7955
7958
7959
7960
7961
7963
7964
7967
7968
7970
7975
7977
7979
7980
7981
7982
7983
7986
7988
7991
7992
7993
7994
7995
7996
7997
7998
7999
8000
8001
8002
8003
8004
8005
8006
8007
8008
8009
8010
8011
8014
8017
8019
8020
8021
8022
8023
8024
8025
8026
8027
8028
8029
8030
8031
8033
8035
8036
8038
8039
8040
8044
8046
8049
8050
8051
8052
8053
8056
8059
8061
8062
8063
8064
8065
8066
8067
8070
8071
8074
8075
8076
8077
8078
8083
8085
8087
8100
8113
8115
8116
8117
8128
8130
8131
8134
8135
8136
8137
8146
8152
8159
8160
8169
8177
8179
8181
8186
8190
8192
8197
8222
8226
8239
8240
8241
8245
8246
8264
8266
8267
8269
8270
8280
8282
8284
8285
8286
8291
8292
8293
8297
8298
8300
8301
8302
8303
8304
8305
8306
8307
8308
8309
8311
8353
8354
8356
8358
8360
8365
8368
8377
8382
8384
8394
8400
8407
8417
8424
8425
8456
8470
8499
8516
8517
8531
8533
8534
8542
8546
8557
8562
8563
8564
8565
8569
8571
8574
8575
8578
8582
8584
8585
8586
8587
8589
8592
8598
8600
8601
8605
8606
8607
8608
8609
8610
8611
8612
8617
8620
8622
8623
8624
8625
8627
8628
8629
8631
8632
8635
8636
8638
8639
8640
8642
8643
8644
8645
8646
8648
8649
8651
8654
8655
8656
8658
8659
8660
8662
8663
8664
8665
8666
8668
8669
8670
8671
8672
8673
8674
8675
8676
8677
8678
8679
8680
8681
8682
8683
8684
8685
8686
8687
8688
8689
8690
8691
8692
8693
8694
8695
8697
8698
8699
8700
8701
8702
8703
8704
8705
8706
8707
8708
8709
8710
8711
8712
8713
8714
8715
8716
8717
8718
8719
8720
8721
8722
8723
8724
8725
8726
8727
8732
8740
8749
8752
8756
8759
8760
8775
8786
8788
8789
8790
8792
8793
8794
8795
8801
8808
8809
8814
8815
8819
8820
8826
8827
8837
8841
8842
8843
8846
8849
8851
8856
8857
8864
8882
8888
8889
8890
8896
8903
8907
8908
8909
8911
8915
8918
8923
8924
8925
8931
8932
8933
8934
8935
8936
8937
8938
8939
8941
8942
8944
8945
8946
8947
8948
8949
8950
8951
8952
8953
8954
8955
8956
8957
8958
8959
8960
8961
8962
8963
8964
8965
8966
8967
8968
8969
8970
8971
8972
8973
8975
8976
8977
8978
8979
8981
8982
8983
8984
8985
8986
8988
8989
8990
8991
8992
8993
8994
8995
8996
8997
8998
8999
9001
9002
9003
9004
9005
9006
9007
9008
9009
9010
9011
9013
9014
9015
9016
9017
9018
9019
9020
9021
9022
9023
9024
9025
9026
9027
9028
9029
9030
9031
9032
9033
9036
9037
9038
9039
9040
9041
9042
9044
9045
9046
9047
9049
9053
9054
9055
9056
9057
9058
9059
9060
9061
9062
9063
9064
9065
9066
9067
9068
9069
9070
9071
9073
9074
9079
9080
9083
9084
9085
9086
9088
9092
9094
9095
9096
9097
9098
9099
9100
9101
9102
9103
9104
9105
9106
9107
9108
9109
9110
9111
9112
9113
9114
9115
9116
9117
9118
9119
9120
9121
9122
9123
9124
9125
9126
9127
9128
9129
9130
9131
9132
9133
9134
9137
9139
9143
9146
9157
9159
9160
9171
9175
9176
9177
9178
9179
9185
9188
9190
9191
9192
9193
9195
9197
9198
9199
9200
9201
9202
9203
9204
9205
9206
9207
9208
9209
9210
9212
9213
9216
9217
9218
9219
9220
9221
9222
9223
9224
9225
9227
9231
9234
9237
9240
9241
9242
9243
9244
9246
9248
9249
9253
9254
9256
9257
9258
9263
9264
9270
9271
9272
9273
9274
9278
9281
9282
9283
9284
9286
9288
9289
9290
9291
9292
9293
9294
9295
9298
9299
9300
9301
9302
9315
9317
9319
9322
9324
9327
9334
