000005
000006
000007
000008
000011
000013
000014
000015
000016
000017
000020
000036
000037
000052
000060
000062
000068
000073
000082
000088
000093
000096
000108
000109
000126
000132
000134
000162
000168
000169
000171
000178
000179
000180
000182
000183
000186
000192
000195
000198
000199
000200
000202
000203
000208
000209
000210
000211
000216
000217
000238
000246
000250
000254
000264
000265
000273
000274
000276
000277
000282
000292
000294
000307
000309
000311
000317
000324
000338
000339
000341
000344
000361
000374
000411
000418
000420
000433
000439
000441
000442
000454
000455
000456
000483
000484
000496
000500
000505
000506
000509
000510
000514
000515
000518
000519
000520
000521
000523
000524
000527
000528
000529
000530
000536
000537
000541
000543
000545
000546
000548
000569
000571
000573
000575
000576
000577
000581
000584
000586
000589
000590
000591
000592
000595
000596
000597
000598
000599
000600
000604
000607
000608
000609
000618
000619
000623
000625
000626
000627
000628
000629
000633
000634
000635
000637
000639
000641
000642
000643
000645
000646
000649
000650
000651
000652
000653
000654
000655
000656
000658
000663
000665
000667
000668
000669
000670
000673
000682
000691
000702
000710
000726
000738
000748
000754
000755
000768
000784
000785
000800
000804
000825
000834
000836
000840
000843
000847
000852
000868
000869
000874
000876
000877
000881
000882
000884
000885
000886
000887
000889
000891
000895
000896
000900
000901
000905
000923
000931
000934
000935
000936
000939
000941
000947
000955
000959
000972
000974
000979
000980
000987
000992
000994
001002
001009
001013
001014
001021
001022
001023
001036
001049
001052
001053
001054
001056
001060
001064
001065
001066
001067
001068
001069
001070
001072
001073
001075
001077
001079
001087
001090
001149
001158
001160
001161
001162
001163
001164
001165
001166
001167
001168
001169
001171
001172
001174
001176
001178
001182
001184
001185
001187
001191
001199
001200
001201
001203
001206
001210
001211
001212
001213
001220
001223
001231
001232
001234
001239
001243
001244
001246
001250
001253
001257
001258
001260
001268
001270
001273
001279
001280
001281
001295
001296
001298
001299
001302
001305
001311
001312
001313
001314
001318
001323
001324
001327
001332
001340
001345
001346
001347
001359
001366
001367
001368
001371
001372
001373
001379
001381
001385
001386
001387
001388
001389
001392
001393
001394
001397
001398
001400
001401
001402
001404
001405
001406
001409
001416
001418
001424
001449
001453
001473
001493
001495
001501
001502
001503
001504
001505
001508
001511
001512
001514
001519
001520
001521
001522
001525
001526
001527
001528
001529
001532
001534
001547
001548
001563
001564
001567
001569
001572
001573
001575
001577
001578
001581
001582
001585
001587
001598
001599
001601
001603
001606
001607
001608
001609
001610
001614
001618
001619
001626
001627
001629
001630
001631
001632
001633
001634
001637
001639
001641
001642
001644
001647
001648
001649
001650
001651
001652
001653
001654
001655
001656
001657
001658
001659
001660
001662
001663
001664
001665
001666
001667
001668
001669
001670
001671
001672
001673
001674
001675
001676
001677
001680
001686
001693
001694
001696
001697
001698
001699
001704
001705
001707
001709
001712
001713
001714
001715
001720
001721
001722
001724
001725
001726
001728
001729
001731
001732
001733
001735
001739
001740
001741
001743
001744
001746
001747
001750
001751
001752
001753
001755
001758
001759
001760
001761
001770
001771
001772
001773
001775
001776
001779
001780
001784
001785
001787
001790
001791
001795
001797
001798
001800
001804
001805
001806
001808
001811
001812
001813
001815
001822
001834
001836
001837
001838
001839
001840
001849
001850
001851
001852
001853
001856
001857
001858
001859
001860
001861
001862
001863
001864
001865
001866
001868
001869
001871
001872
001873
001874
001876
001887
001889
001892
001893
001896
001905
001906
001918
001924
001928
001935
001936
001937
001938
001942
001943
001945
001948
001978
001979
001991
002002
002003
002007
002012
002014
002015
002016
002018
002019
002021
002022
002023
002024
002026
002027
002030
002031
002032
002033
002034
002035
002036
002037
002039
002041
002043
002044
002045
002046
002047
002049
002050
002051
002052
002053
002054
002055
002056
002057
002058
002059
002060
002061
002062
002063
002064
002065
002066
002067
002068
002069
002070
002071
002072
002073
002074
002075
002076
002077
002078
002079
002080
002081
002082
002083
002084
002085
002086
002087
002093
002094
002095
002096
002098
002102
002104
002110
002111
002112
002113
002114
002115
002116
002117
002118
002119
002120
002122
002123
002124
002125
002126
002127
002128
002129
002130
002131
002132
002133
002134
002135
002136
002137
002138
002139
002140
002142
002143
002144
002145
002146
002147
002148
002149
002150
002151
002152
002154
002155
002158
002164
002166
002167
002168
002169
002174
002178
002179
002180
002181
002182
002184
002185
002186
002187
002188
002190
002191
002192
002194
002195
002197
002198
002199
002201
002202
002203
002204
002206
002209
002216
002223
002226
002227
002229
002232
002234
002236
002237
002239
002240
002241
002247
002249
002250
002251
002254
002255
002256
002257
002258
002259
002260
002261
002262
002265
002266
002267
002270
002273
002274
002277
002279
002280
002281
002282
002283
002284
002285
002287
002288
002290
002291
002298
002299
002300
002301
002304
002306
002307
002308
002312
002314
002315
002316
002317
002319
002320
002322
002325
002326
002327
002328
002329
002330
002331
002336
002341
002342
002345
002346
002347
002349
002350
002351
002353
002354
002356
002357
002360
002364
002367
002371
002373
002389
002391
002392
002393
002394
002395
002397
002398
002399
002400
002405
002406
002407
002409
002415
002422
002425
002426
002427
002432
002437
002446
002452
002453
002455
002458
002463
002464
002465
002466
002469
002470
002472
002474
002476
002477
002478
002479
002480
002481
002482
002483
002484
002485
002486
002490
002491
002492
002493
002494
002495
002496
002497
002498
002499
002500
002501
002502
002503
002504
002505
002507
002511
002512
002513
002516
002518
002519
002520
002521
002522
002523
002524
002525
002526
002528
002529
002530
002531
002532
002533
002534
002536
002537
002538
002541
002543
002544
002546
002547
002550
002551
002553
002554
002555
002556
002558
002559
002560
002562
002566
002568
002569
002571
002572
002573
002574
002578
002580
002581
002583
002584
002585
002586
002587
002588
002590
002592
002593
002594
002595
002596
002597
002599
002603
002604
002605
002606
002607
002609
002611
002613
002616
002618
002619
002620
002621
002625
002627
002628
002630
002631
002633
002638
002639
002642
002643
002644
002646
002654
002658
002659
002660
002661
002664
002665
002667
002668
002669
002672
002673
002675
002676
002677
002678
002679
002682
002684
002686
002689
002690
002700
002701
002705
002709
002711
002713
002714
002716
002724
002725
002726
002727
002728
002729
002730
002733
002734
002735
002741
002743
002750
002754
002765
002769
002781
002783
002786
002787
002788
002806
002807
002810
002814
002819
002825
002831
002832
002842
002846
002861
002863
002864
002865
002868
002870
002871
002872
002874
002879
002883
002884
002885
002886
002887
002888
002891
002893
002895
002896
002897
002903
002905
002910
002915
002916
002917
002921
002922
002925
002926
002942
002953
002959
002961
002973
002975
003005
003020
003036
003041
003044
003045
003046
003053
003054
003064
003077
003081
003082
003097
003100
003101
003104
003112
003113
003115
003127
003130
003131
003132
003133
003134
003135
003136
003137
003138
003140
003141
003144
003146
003149
003151
003154
003156
003157
003159
003160
003169
003173
003177
003178
003180
003204
003212
003219
003224
003226
003232
003237
003239
003240
003241
003244
003253
003256
003258
003260
003261
003266
003275
003276
003284
003285
003286
003288
003292
003304
003306
003307
003311
003313
003318
003319
003322
003324
003325
003327
003334
003337
003340
003343
003345
003346
003347
003363
003369
003370
003371
003372
003378
003390
003395
003396
003401
003405
003417
003418
003424
003427
003429
003430
003431
003432
003437
003438
003444
003450
003452
003453
003456
003468
003474
003477
003482
003488
003490
003491
003492
003493
003494
003495
003496
003497
003498
003500
003501
003502
003503
003505
003509
003511
003512
003514
003516
003524
003525
003526
003537
003544
003546
003556
003562
003572
003573
003575
003584
003587
003597
003598
003599
003620
003624
003628
003639
003663
003664
003669
003670
003671
003672
003673
003674
003675
003676
003677
003678
003679
003684
003689
003690
003691
003692
003693
003694
003695
003702
003703
003714
003734
003739
003740
003741
003742
003743
003745
003747
003753
003754
003762
003770
003778
003782
003789
003795
003797
003799
003800
003808
003809
003812
003826
003838
003840
003851
003857
003860
003861
003863
003864
003872
003873
003875
003876
003877
003880
003881
003882
003884
003885
003887
003888
003889
003890
003891
003896
003897
003901
003902
003903
003907
003908
003909
003910
003911
003915
003916
003918
003919
003920
003921
003922
003923
003924
003925
003928
003929
003930
003931
003932
003933
003934
003935
003936
003937
003938
003939
003940
003941
003942
003943
003944
003945
003947
003948
003949
003950
003951
003952
003953
003954
003955
003956
003957
003958
003959
003960
003961
003962
003963
003964
003965
003966
003967
003968
003969
003970
003971
003972
003973
003974
003975
003976
003977
003978
003979
003980
003981
003982
003983
003984
003985
003986
003987
003988
003989
003990
003991
003992
003993
003994
003995
003996
003997
003998
003999
004000
004001
004002
004003
004004
004005
004006
004007
004008
004009
004010
004011
004012
004013
004014
004015
004016
004017
004018
004019
004020
004021
004022
004023
004024
004025
004026
004027
004028
004029
004030
004031
004032
004033
004034
004035
004036
004037
004038
004039
004040
004041
004042
004043
004044
004045
004046
004047
004048
004049
004050
004052
004053
004054
004055
004056
004059
004060
004061
004062
004063
004064
004065
004066
004067
004068
004069
004070
004071
004072
004074
004075
004078
004080
004081
004082
004083
004084
004085
004086
004087
004088
004089
004090
004091
004092
004093
004094
004095
004096
004097
004098
004099
004100
004101
004103
004104
004105
004106
004107
004109
004110
004111
004112
004113
004114
004115
004116
004117
004118
004119
004120
004121
004122
004123
004124
004125
004126
004127
004128
004129
004130
004131
004132
004133
004134
004135
004136
004137
004138
004139
004140
004141
004142
004143
004144
004145
004146
004147
004148
004149
004150
004151
004152
004153
004154
004155
004156
004157
004158
004159
004160
004161
004162
004163
004164
004165
004166
004167
004168
004169
004170
004171
004172
004173
004174
004175
004176
004177
004178
004179
004180
004181
004182
004183
004185
004186
004188
004189
004190
004191
004195
004200
004202
004203
004204
004206
004207
004208
004209
004210
004211
004216
004218
004239
004241
004244
004264
004269
004270
004273
004274
004275
004283
004287
004295
004298
004314
004319
004331
004342
004347
004348
004349
004353
004354
004355
004358
004362
004365
004366
004370
004371
004372
004373
004374
004375
004376
004377
004378
004379
004380
004381
004382
004383
004384
004385
004386
004387
004388
004389
004390
004391
004392
004393
004394
004395
004396
004397
004398
004399
004400
004401
004402
004403
004404
004405
004406
004407
004408
004409
004410
004411
004412
004413
004414
004415
004416
004417
004418
004419
004420
004421
004422
004423
004424
004425
004426
004427
004428
004429
004430
004431
004432
004433
004434
004435
004436
004437
004438
004439
004440
004441
004442
004443
004444
004445
004446
004447
004448
004449
004450
004451
004452
004453
004454
004455
004456
004457
004458
004459
004460
004461
004462
004463
004464
004465
004467
004469
004470
004471
004472
004473
004474
004475
004476
004477
004478
004479
004480
004481
004482
004483
004484
004485
004486
004487
004488
004489
004490
004492
004493
004494
004495
004497
004498
004499
004500
004501
004502
004503
004504
004505
004506
004508
004509
004510
004511
004512
004513
004514
004515
004516
004517
004518
004519
004520
004521
004522
004523
004524
004525
004526
004527
004528
004529
004530
004531
004532
004534
004535
004536
004537
004538
004539
004540
004541
004542
004544
004545
004546
004547
004548
004549
004550
004551
004552
004553
004554
004555
004557
004558
004559
004560
004561
004562
004564
004566
004567
004568
004569
004570
004572
004573
004574
004575
004576
004577
004578
004579
004580
004581
004582
004583
004585
004586
004587
004588
004589
004590
004591
004592
004593
004594
004595
004596
004597
004598
004599
004600
004601
004602
004603
004604
004605
004606
004607
004608
004609
004610
004612
004613
004615
004616
004617
004618
004619
004620
004621
004622
004623
004624
004625
004626
004627
004628
004629
004630
004631
004632
004633
004634
004635
004636
004637
004638
004640
004645
004646
004647
004648
004652
004672
004676
004688
004693
004696
004697
004698
004699
004700
004701
004702
004703
004713
004717
004719
004721
004725
004727
004731
004732
004734
004736
004742
004746
004747
004748
004749
004754
004759
004760
004763
004769
004780
004788
004789
004791
004792
004793
004794
004795
004796
004797
004798
004799
004800
004801
004802
004803
004805
004806
004808
004809
004810
004811
004812
004814
004815
004816
004817
004818
004827
004828
004832
004833
004847
004849
004864
004869
004876
004877
004879
004882
004888
004890
004891
004892
004893
004895
004896
004897
004898
004900
004901
004902
004903
004904
004906
004908
004909
004910
004911
004912
004913
004915
004916
004917
004918
004919
004920
004921
004922
004923
004933
004934
004938
004939
004940
004949
004953
004954
004955
004959
004960
004961
004965
004969
004997
005045
005086
005087
005088
005091
005092
005093
005094
005095
005096
005098
005104
005116
005122
005137
005138
005140
005146
005151
005153
005154
005163
005167
005172
005173
005176
005178
005186
005194
005202
005203
005204
005205
005207
005208
005211
005212
005213
005215
005216
005220
005221
005223
005224
005225
005233
005234
005246
005256
005261
005262
005265
005272
005273
005277
005289
005291
005292
005294
005295
005305
005306
005310
005311
005315
005317
005319
005320
005326
005356
005359
005361
005365
005371
005383
005384
005413
005431
005450
005451
005456
005458
005459
005460
005461
005462
005464
005466
005468
005469
005470
005471
005473
005474
005475
005477
005479
005480
005481
005486
005487
005488
005490
005493
005494
005496
005499
005501
005503
005505
005512
005517
005534
005535
005541
005549
005550
005552
005567
005573
005574
005575
005576
005580
005583
005586
005587
005622
005627
005630
005631
005644
005657
005659
005681
005686
005719
005729
005756
005757
005763
005766
005768
005770
005772
005773
005799
005806
005822
005827
005830
005831
005841
005843
005850
005858
005872
005889
005896
005899
005906
005918
005922
005924
005925
005926
005928
005931
005932
005934
005935
005936
005938
005941
005945
005947
005949
005950
005951
005952
005955
005956
005958
005959
005961
005963
005964
005965
005968
005969
005970
005971
005972
005973
005974
005975
005976
005977
005978
005979
005980
005981
005983
005984
005985
005987
005988
005989
005990
005991
005992
005993
005995
005996
005997
005998
005999
006000
006001
006002
006003
006004
006005
006006
006007
006008
006009
006010
006011
006012
006013
006014
006016
006018
006019
006021
006022
006023
006024
006025
006026
006028
006029
006030
006033
006035
006036
006037
006040
006041
006042
006043
006044
006045
006048
006049
006050
006052
006054
006056
006060
006062
006063
006064
006065
006068
006069
006071
006074
006075
006076
006077
006078
006079
006080
006081
006083
006084
006086
006088
006089
006090
006091
006092
006093
006095
006099
006100
006101
006102
006103
006105
006107
006108
006110
006111
006116
006120
006122
006126
006131
006132
006133
006137
006138
006139
006140
006141
006142
006144
006145
006146
006149
006150
006152
006153
006154
006155
006160
006161
006163
006166
006167
006168
006172
006173
006174
006175
006176
006177
006178
006179
006180
006181
006182
006183
006184
006185
006186
006187
006188
006189
006190
006198
006216
006220
006239
006241
006253
006254
006256
006258
006259
006260
006261
006264
006265
006266
006267
006268
006269
006270
006271
006272
006273
006275
006276
006277
006278
006279
006280
006281
006283
006284
006285
006286
006287
006288
006289
006290
006291
006292
006293
006294
006295
006296
006298
006299
006300
006301
006302
006303
006304
006305
006306
006307
006308
006309
006310
006311
006314
006315
006316
006318
006320
006321
006322
006324
006325
006326
006327
006328
006329
006332
006333
006337
006340
006341
006345
006348
006351
006352
006354
006355
006356
006357
006359
006360
006361
006364
006365
006371
006373
006374
006376
006378
006379
006380
006381
006382
006383
006384
006385
006386
006387
006388
006389
006391
006392
006393
006394
006395
006397
006402
006403
006404
006407
006408
006410
006411
006412
006413
006414
006415
006416
006417
006418
006419
006420
006421
006422
006424
006425
006426
006427
006428
006429
006442
006443
006450
006461
006463
006474
006475
006476
006484
006486
006487
006488
006491
006496
006499
006501
006503
006504
006506
006507
006508
006509
006510
006512
006514
006516
006517
006518
006519
006520
006521
006523
006524
006525
006526
006527
006530
006531
006533
006536
006537
006539
006540
006543
006545
006546
006547
006548
006549
006551
006552
006553
006554
006556
006558
006560
006562
006563
006564
006566
006567
006568
006569
006570
006571
006572
006574
006576
006579
006581
006583
006584
006585
006589
006590
006591
006592
006595
006598
006599
006602
006603
006609
006610
006611
006612
006614
006616
006617
006619
006620
006621
006623
006625
006627
006629
006630
006631
006632
006633
006642
006643
006644
006646
006648
006650
006653
006655
006657
006659
006661
006662
006664
006665
006666
006667
006669
006671
006672
006677
006678
006682
006684
006685
006688
006689
006691
006692
006693
006694
006695
006697
006698
006699
006700
006701
006702
006704
006705
006706
006707
006708
006709
006710
006712
006715
006718
006719
006720
006721
006722
006723
006725
006727
006728
006729
006730
006731
006732
006733
006735
006737
006742
006766
006767
006769
006774
006778
006779
006785
006786
006787
006788
006791
006792
006793
006794
006795
006796
006799
006807
006808
006810
006811
006812
006813
006823
006825
006826
006838
006842
006844
006847
006850
006851
006852
006855
006872
006873
006888
006903
006906
006907
006918
006926
006928
006930
006936
006938
006939
006940
006941
006942
006943
006945
006947
006952
006962
006963
006969
006971
006975
006977
006979
006980
006981
007006
007007
007014
007015
007018
007019
007020
007021
007022
007023
007025
007026
007027
007031
007033
007034
007035
007036
007038
007041
007042
007043
007044
007045
007048
007050
007051
007052
007053
007054
007055
007056
007057
007059
007060
007061
007064
007066
007067
007068
007069
007070
007071
007072
007073
007075
007076
007077
007078
007082
007083
007084
007085
007086
007092
007095
007099
007101
007102
007104
007108
007109
007110
007111
007113
007114
007115
007116
007122
007128
007130
007131
007132
007133
007134
007137
007138
007139
007142
007143
007147
007148
007150
007152
007153
007154
007155
007156
007157
007161
007162
007163
007164
007165
007166
007167
007168
007169
007171
007172
007173
007175
007176
007177
007178
007179
007180
007182
007189
007191
007192
007195
007198
007199
007214
007215
007216
007217
007218
007219
007220
007221
007222
007223
007224
007225
007226
007227
007228
007230
007231
007232
007233
007237
007245
007247
007249
007250
007251
007252
007262
007264
007265
007266
007267
007268
007269
007272
007275
007276
007277
007278
007279
007280
007281
007282
007283
007284
007285
007286
007287
007288
007289
007290
007291
007292
007293
007294
007295
007296
007297
007298
007299
007300
007301
007302
007303
007304
007305
007306
007307
007308
007309
007311
007312
007313
007315
007316
007317
007318
007319
007320
007321
007322
007328
007335
007337
007338
007339
007344
007347
007353
007354
007355
007356
007357
007359
007367
007369
007370
007373
007374
007376
007377
007378
007379
007380
007381
007382
007383
007384
007385
007386
007387
007388
007389
007390
007391
007392
007393
007394
007395
007396
007397
007398
007399
007400
007401
007402
007403
007404
007405
007406
007407
007408
007409
007410
007411
007412
007413
007415
007416
007417
007418
007419
007424
007426
007430
007431
007432
007433
007434
007435
007436
007437
007438
007439
007440
007441
007442
007443
007444
007445
007447
007448
007449
007450
007451
007452
007453
007454
007455
007456
007457
007458
007459
007460
007461
007462
007463
007464
007465
007466
007467
007468
007469
007470
007471
007472
007473
007474
007475
007478
007479
007480
007481
007482
007484
007485
007486
007488
007489
007490
007491
007492
007493
007494
007495
007496
007497
007498
007499
007500
007501
007502
007503
007504
007505
007506
007507
007508
007509
007510
007511
007512
007513
007514
007515
007516
007517
007518
007519
007520
007521
007522
007523
007524
007525
007526
007527
007528
007529
007531
007532
007536
007537
007538
007541
007548
007549
007550
007551
007552
007554
007555
007556
007557
007562
007564
007565
007570
007572
007575
007577
007578
007579
007580
007581
007583
007595
007597
007602
007603
007605
007607
007612
007613
007614
007617
007620
007621
007625
007626
007628
007632
007634
007637
007638
007641
007650
007653
007656
007664
007665
007668
007671
007675
007684
007685
007686
007687
007688
007689
007690
007693
007694
007695
007696
007697
007701
007702
007704
007705
007706
007709
007711
007712
007713
007714
007715
007716
007717
007718
007719
007720
007722
007723
007726
007727
007728
007730
007731
007732
007733
007734
007735
007737
007738
007739
007740
007741
007742
007744
007745
007746
007747
007748
007749
007750
007751
007754
007755
007756
007757
007758
007759
007761
007767
007772
007776
007777
007779
007780
007781
007782
007784
007785
007786
007787
007788
007789
007793
007798
007799
007800
007804
007807
007809
007810
007811
007813
007815
007816
007822
007823
007824
007826
007827
007828
007830
007831
007832
007835
007836
007837
007838
007839
007846
007847
007850
007851
007852
007853
007854
007855
007857
007858
007860
007861
007862
007863
007864
007865
007866
007867
007868
007869
007870
007871
007872
007873
007874
007875
007876
007878
007881
007882
007886
007890
007893
007895
007897
007898
007909
007911
007912
007918
007921
007933
007934
007935
007938
007939
007941
007942
007943
007944
007945
007947
007949
007950
007952
007953
007956
007959
007960
007961
007962
007964
007965
007968
007969
007971
007976
007978
007980
007981
007982
007983
007984
007987
007989
007992
007993
007994
007995
007996
007997
007998
007999
008000
008001
008002
008003
008004
008005
008006
008007
008008
008009
008010
008011
008012
008015
008018
008020
008021
008022
008023
008024
008025
008026
008027
008028
008029
008030
008031
008032
008034
008036
008037
008039
008040
008041
008045
008047
008050
008051
008052
008053
008054
008057
008060
008062
008063
008064
008065
008066
008067
008068
008071
008072
008075
008076
008077
008078
008079
008084
008086
008088
008101
008114
008116
008117
008118
008129
008131
008132
008135
008136
008137
008138
008147
008153
008160
008161
008170
008178
008180
008182
008187
008191
008193
008198
008223
008227
008240
008241
008242
008246
008247
008265
008267
008268
008270
008271
008281
008283
008285
008286
008287
008292
008293
008294
008298
008299
008301
008302
008303
008304
008305
008306
008307
008308
008309
008310
008312
008354
008355
008357
008359
008361
008366
008369
008378
008383
008385
008395
008401
008408
008418
008425
008426
008457
008471
008500
008517
008518
008532
008534
008535
008543
008547
008558
008563
008564
008565
008566
008570
008572
008575
008576
008579
008583
008585
008586
008587
008588
008590
008593
008599
008601
008602
008606
008607
008608
008609
008610
008611
008612
008613
008618
008621
008623
008624
008625
008626
008628
008629
008630
008632
008633
008636
008637
008639
008640
008641
008643
008644
008645
008646
008647
008649
008650
008652
008655
008656
008657
008659
008660
008661
008663
008664
008665
008666
008667
008669
008670
008671
008672
008673
008674
008675
008676
008677
008678
008679
008680
008681
008682
008683
008684
008685
008686
008687
008688
008689
008690
008691
008692
008693
008694
008695
008696
008698
008699
008700
008701
008702
008703
008704
008705
008706
008707
008708
008709
008710
008711
008712
008713
008714
008715
008716
008717
008718
008719
008720
008721
008722
008723
008724
008725
008726
008727
008728
008733
008741
008750
008753
008757
008760
008761
008776
008787
008789
008790
008791
008793
008794
008795
008796
008802
008809
008810
008815
008816
008820
008821
008827
008828
008838
008842
008843
008844
008847
008850
008852
008857
008858
008865
008883
008889
008890
008891
008897
008904
008908
008909
008910
008912
008916
008919
008924
008925
008926
008932
008933
008934
008935
008936
008937
008938
008939
008940
008942
008943
008945
008946
008947
008948
008949
008950
008951
008952
008953
008954
008955
008956
008957
008958
008959
008960
008961
008962
008963
008964
008965
008966
008967
008968
008969
008970
008971
008972
008973
008974
008976
008977
008978
008979
008980
008982
008983
008984
008985
008986
008987
008989
008990
008991
008992
008993
008994
008995
008996
008997
008998
008999
009000
009002
009003
009004
009005
009006
009007
009008
009009
009010
009011
009012
009014
009015
009016
009017
009018
009019
009020
009021
009022
009023
009024
009025
009026
009027
009028
009029
009030
009031
009032
009033
009034
009037
009038
009039
009040
009041
009042
009043
009045
009046
009047
009048
009050
009054
009055
009056
009057
009058
009059
009060
009061
009062
009063
009064
009065
009066
009067
009068
009069
009070
009071
009072
009074
009075
009080
009081
009084
009085
009086
009087
009089
009093
009095
009096
009097
009098
009099
009100
009101
009102
009103
009104
009105
009106
009107
009108
009109
009110
009111
009112
009113
009114
009115
009116
009117
009118
009119
009120
009121
009122
009123
009124
009125
009126
009127
009128
009129
009130
009131
009132
009133
009134
009135
009138
009140
009144
009147
009158
009160
009161
009172
009176
009177
009178
009179
009180
009186
009189
009191
009192
009193
009194
009196
009198
009199
009200
009201
009202
009203
009204
009205
009206
009207
009208
009209
009210
009211
009213
009214
009217
009218
009219
009220
009221
009222
009223
009224
009225
009226
009228
009232
009235
009238
009241
009242
009243
009244
009245
009247
009249
009250
009254
009255
009257
009258
009259
009264
009265
009271
009272
009273
009274
009275
009279
009282
009283
009284
009285
009287
009289
009290
009291
009292
009293
009294
009295
009296
009299
009300
009301
009302
009303
009316
009318
009320
009323
009325
009328
009335
